18,34
18,33
18,32
18,31
18,30
18,29
18,28
18,27
18,26
18,25
18,24
18,23
18,22
18,21
18,20
18,19
18,18
18,17
18,16
18,15
18,14
18,13
18,12
18,11
18,10
18,9
18,8
18,7
18,6
18,5
18,4
18,3
18,2
26,1
18,1
26,3
18,0
26,0
4,3
28,1
4,2
28,3
4,1
28,0
4,0
30,1
3,6
30,3
3,5
30,0
3,4
31,1
3,3
31,3
3,2
31,0
3,1
32,1
3,0
32,3
2,2
32,0
1,2
33,1
0,442
33,3
0,441
0,431
33,0
0,429
27,1
0,422
0,419
27,3
0,412
27,0
0,408
0,383
29,1
0,382
29,3
0,380
0,379
29,0
0,378
34,1
0,377
34,3
0,365
34,0
0,344
35,1
35,3
0,325
35,0
0,322
1,1
1,3
1,0
2,1
0,317
0,315
2,3
0,301
2,0
0,243
0,9
0,417
0,409
0,310
0,305
0,308
0,304
0,303
0,302
0,307
0,12
0,10
0,8
0,0
0,424
0,300
0,299
0,356
0,298
0,388
0,297
0,306
0,296
0,371
0,295
0,435
0,294
0,312
0,293
0,343
0,292
0,437
0,291
0,390
0,290
0,413
0,289
0,329
0,288
0,376
0,287
0,434
0,286
0,341
0,285
0,318
0,284
0,370
0,283
0,432
0,282
0,342
0,281
0,340
0,280
0,374
0,279
0,403
0,278
0,349
0,277
0,359
0,276
0,367
0,275
0,410
0,274
18,35
19,0
19,2
19,3
19,5
19,6
19,8
20,1
20,2
20,4
20,5
20,7
20,9
20,10
20,12
21,0
21,2
21,3
22,1
22,3
26,2
27,2
27,4
27,6
28,4
29,2
29,5
29,6
29,8
30,2
31,2
32,4
32,5
32,7
33,2
33,5
34,4
35,2
35,5
35,6
35,7
35,4
34,2
33,4
32,6
32,2
30,4
29,7
29,4
28,2
27,5
26,4
22,2
22,0
21,1
20,11
20,8
20,6
20,3
20,0
19,7
19,4
19,1
0,338
0,273
0,334
0,272
0,337
0,271
0,428
0,270
0,360
0,269
0,358
0,268
0,350
0,267
0,426
0,266
0,332
0,265
0,436
0,264
0,406
0,263
0,423
0,262
0,330
0,261
0,333
0,260
0,336
0,259
0,420
0,258
0,375
0,257
0,421
0,256
0,433
0,255
0,405
0,254
0,311
0,253
0,448
0,252
0,321
0,251
0,397
0,250
0,328
0,249
0,369
0,248
0,339
0,247
0,355
0,246
0,309
0,245
0,415
0,244
0,396
0,242
0,313
0,241
0,347
0,240
0,456
0,239
0,323
0,238
0,237
0,326
0,236
0,418
0,235
0,316
0,234
0,401
0,233
0,446
0,232
0,416
0,231
0,391
0,230
0,393
0,229
0,324
0,228
0,414
0,227
0,402
0,226
0,346
0,225
0,411
0,224
0,320
0,223
0,427
0,222
0,394
0,221
0,447
0,220
0,335
0,219
0,407
0,218
0,387
0,217
0,353
0,216
0,392
0,215
0,385
0,214
0,384
0,213
0,366
0,212
0,455
0,211
0,389
0,210
0,451
0,209
0,445
0,208
0,362
0,207
0,386
0,206
0,450
0,205
0,354
0,204
0,430
0,203
0,327
0,202
0,398
0,201
0,454
0,200
0,357
0,199
0,444
0,198
0,425
0,197
0,351
0,196
0,404
0,195
0,372
0,194
0,453
0,193
0,348
0,192
0,399
0,63
0,449
0,62
0,443
0,61
0,345
0,60
0,314
0,59
0,452
0,58
0,439
0,57
0,364
0,56
0,352
0,55
0,400
0,54
0,395
0,53
0,368
0,52
0,319
0,51
0,381
0,50
0,440
0,49
0,363
0,48
0,331
0,47
0,373
0,46
0,438
0,45
0,361
0,6
0,5
0,1
0,11
0,4
0,2
0,3
0,7
